30.179535,
30.3991926,
30.2100068,
30.2433496,
30.2440458,
30.3923717,
30.186152,
 30.1763932,
 30.2799044,
 30.1344351,
 30.2412042,
 30.3529174,
 30.2984017,
 30.2295989,
 30.2084327,
 30.2222075,
 30.256936,
 30.2269158,
 30.2973398,
 30.2173264,
 30.2364435,
 30.1940034,
 30.2764104,
 30.2349114,
 30.1965927,
 30.337671,
 'nan',
 30.1984884,
 30.2762627,
 30.341939,
 30.22359759999999,
 30.4374363,
 30.3438911,
 30.23144,
 30.2097015,
 30.1928347,
 30.3805703,
 30.2903773,
 30.1507081,
 30.2546128,
 30.14227949999999,
 30.2185833,
 30.2720038,
 30.3556535,
 30.2475924,
 30.3435151,
 30.2097015,
 30.2059773,
 30.188735,
 30.3468011,
 30.2989395,
 30.4414953,
 30.1710102,
 30.2637388,
 30.2067173,
 30.311548,
 30.2843577,
 30.2354508,
 30.4173652,
 30.361002,
 30.2097015,
 30.3317935,
 30.19872,
 30.4379186,
 30.1917165,
 30.2547246,
 30.2172074,
 30.2975818,
 30.3528632,
 30.2902762,
 30.2860521,
 30.437354,
 30.2835394,
 30.276796,
 30.1907803,
 30.2807958,
 30.1990138,
 30.2097015,
 30.23144,
 30.2221869,
 30.2830232,
 30.1410381,
 30.187526,
 30.2144771,
 30.203507,
 30.2595009,
 30.3749671,
 30.212579,
 30.2215565,
 30.17043,
 30.2839937,
 30.229166,
 30.2403474,
 30.3719836,
 30.3983054,
 30.2969336,
 30.2852636,
 30.2690358,
 30.2091069,
 30.1603288
