-97.76176749999999,
 -97.7670952,
 -97.6926503,
 -97.7014507,
 -97.747422,
 -97.70817609999999,
 -97.7627863,
 -97.7999617,
 -97.48709509999999,
 -97.73514569999999,
 -97.81754769999999,
 -97.7010476,
 -97.7411162,
 -97.7023624,
 -97.7815497,
 -97.6338986,
 -97.7786647,
 -97.8915536,
 -97.7182602,
 -97.73687489999999,
 -97.7862018,
 -97.74473669999999,
 -97.8145304,
 -97.9399205,
 -97.73324679999999,
 -97.714427,
 'nan',
 -97.7527262,
 -97.7778792,
 -97.6632572,
 -97.7277944,
 -97.7673611,
 -97.4326289,
 -97.795757,
 -97.69822719999999,
 -97.7152788,
 -97.7247371,
 -97.71309409999999,
 -97.8378291,
 -97.7649938,
 -97.7293205,
 -97.5304147,
 -97.69313799999999,
 -97.5024959,
 -97.8863259,
 -97.70691079999999,
 -97.69822719999999,
 -97.7677532,
 -97.56539760000001,
 -97.68709500000001,
 -97.6456121,
 -97.6550441,
 -97.7819554,
 -97.7413732,
 -97.7615802,
 -97.5366768,
 -97.6791657,
 -97.8479553,
 -97.9215479,
 -97.64190579999999,
 -97.69822719999999,
 -97.880376,
 -97.7571406,
 -97.67040159999999,
 -97.7788982,
 -97.5804852,
 -97.6917385,
 -97.6408876,
 -97.7148249,
 -97.6392987,
 -97.7714539,
 -97.73743540000001,
 -97.6272394,
 -97.7614071,
 -97.81720779999999,
 -97.64804989999999,
 -97.73493359999999,
 -97.69822719999999,
 -97.795757,
 -97.70432819999999,
 -97.66068159999999,
 -97.8344157,
 -97.7680927,
 -97.7687297,
 -97.8272985,
 -97.6964777,
 -97.6925866,
 -97.52838299999999,
 -97.6308037,
 -97.61207830000001,
 -97.6971669,
 -97.70134449999999,
 -97.72940679999999,
 -97.7147061,
 -97.64345259999999,
 -97.64452589999999,
 -97.63941609999999,
 -97.7463066,
 -97.6472349,
 -97.8262361